Temperature            Resistance
(Kelvin)               (Ohms)
   
1.07831874804137E+01   1.00000000000000E+03
1.07884721109023E+01   9.99000000000000E+02
1.07937672240805E+01   9.98000000000000E+02
1.07990728538331E+01   9.97000000000000E+02
1.08043890341957E+01   9.96000000000000E+02
1.08097157993554E+01   9.95000000000000E+02
1.08150531836514E+01   9.94000000000000E+02
1.08204012215766E+01   9.93000000000000E+02
1.08257599477775E+01   9.92000000000000E+02
1.08311293970558E+01   9.91000000000000E+02
1.08365096043691E+01   9.90000000000000E+02
1.08419006048316E+01   9.89000000000000E+02
1.08473024337152E+01   9.88000000000000E+02
1.08527151264503E+01   9.87000000000000E+02
1.08581387186266E+01   9.86000000000000E+02
1.08635732459944E+01   9.85000000000000E+02
1.08690187444650E+01   9.84000000000000E+02
1.08744752501120E+01   9.83000000000000E+02
1.08799427991722E+01   9.82000000000000E+02
1.08854214280461E+01   9.81000000000000E+02
1.08909111732996E+01   9.80000000000000E+02
1.08964120716643E+01   9.79000000000000E+02
1.09019241600386E+01   9.78000000000000E+02
1.09074474754891E+01   9.77000000000000E+02
1.09129820552508E+01   9.76000000000000E+02
1.09185279367288E+01   9.75000000000000E+02
1.09240851574989E+01   9.74000000000000E+02
1.09296537553086E+01   9.73000000000000E+02
1.09352337680782E+01   9.72000000000000E+02
1.09408252339018E+01   9.71000000000000E+02
1.09464281910483E+01   9.70000000000000E+02
1.09520426779624E+01   9.69000000000000E+02
1.09576687332654E+01   9.68000000000000E+02
1.09633063957569E+01   9.67000000000000E+02
1.09689557044149E+01   9.66000000000000E+02
1.09746166983977E+01   9.65000000000000E+02
1.09802894170444E+01   9.64000000000000E+02
1.09859738998763E+01   9.63000000000000E+02
1.09916701865977E+01   9.62000000000000E+02
1.09973783170973E+01   9.61000000000000E+02
1.10030983314488E+01   9.60000000000000E+02
1.10088302699125E+01   9.59000000000000E+02
1.10145741729361E+01   9.58000000000000E+02
1.10203300811559E+01   9.57000000000000E+02
1.10260980353980E+01   9.56000000000000E+02
1.10318780766791E+01   9.55000000000000E+02
1.10376702462080E+01   9.54000000000000E+02
1.10434745853867E+01   9.53000000000000E+02
1.10492911358114E+01   9.52000000000000E+02
1.10551199392735E+01   9.51000000000000E+02
1.10609610377613E+01   9.50000000000000E+02
1.10668144734605E+01   9.49000000000000E+02
1.10726802887560E+01   9.48000000000000E+02
1.10785585262328E+01   9.47000000000000E+02
1.10844492286770E+01   9.46000000000000E+02
1.10903524390774E+01   9.45000000000000E+02
1.10962682006265E+01   9.44000000000000E+02
1.11021965567218E+01   9.43000000000000E+02
1.11081375509669E+01   9.42000000000000E+02
1.11140912271730E+01   9.41000000000000E+02
1.11200576293598E+01   9.40000000000000E+02
1.11260368017572E+01   9.39000000000000E+02
1.11320287888061E+01   9.38000000000000E+02
1.11380336351599E+01   9.37000000000000E+02
1.11440513856861E+01   9.36000000000000E+02
1.11500820854669E+01   9.35000000000000E+02
1.11561257798013E+01   9.34000000000000E+02
1.11621825142056E+01   9.33000000000000E+02
1.11682523344155E+01   9.32000000000000E+02
1.11743352863869E+01   9.31000000000000E+02
1.11804314162975E+01   9.30000000000000E+02
1.11865407705481E+01   9.29000000000000E+02
1.11926633957639E+01   9.28000000000000E+02
1.11987993387960E+01   9.27000000000000E+02
1.12049486467228E+01   9.26000000000000E+02
1.12111113668510E+01   9.25000000000000E+02
1.12172875467178E+01   9.24000000000000E+02
1.12234772340915E+01   9.23000000000000E+02
1.12296804769734E+01   9.22000000000000E+02
1.12358973235991E+01   9.21000000000000E+02
1.12421278224400E+01   9.20000000000000E+02
1.12483720222047E+01   9.19000000000000E+02
1.12546299718406E+01   9.18000000000000E+02
1.12609017205352E+01   9.17000000000000E+02
1.12671873177177E+01   9.16000000000000E+02
1.12734868130605E+01   9.15000000000000E+02
1.12798002564807E+01   9.14000000000000E+02
1.12861276981417E+01   9.13000000000000E+02
1.12924691884546E+01   9.12000000000000E+02
1.12988247780799E+01   9.11000000000000E+02
1.13051945179289E+01   9.10000000000000E+02
1.13115784591656E+01   9.09000000000000E+02
1.13179766532078E+01   9.08000000000000E+02
1.13243891517291E+01   9.07000000000000E+02
1.13308160066603E+01   9.06000000000000E+02
1.13372572701913E+01   9.05000000000000E+02
1.13437129947723E+01   9.04000000000000E+02
1.13501832331158E+01   9.03000000000000E+02
1.13566680381981E+01   9.02000000000000E+02
1.13631674632611E+01   9.01000000000000E+02
1.13696815618139E+01   9.00000000000000E+02
1.13762103876344E+01   8.99000000000000E+02
1.13827539947714E+01   8.98000000000000E+02
1.13893124375457E+01   8.97000000000000E+02
1.13958857705525E+01   8.96000000000000E+02
1.14024740486627E+01   8.95000000000000E+02
1.14090773270248E+01   8.94000000000000E+02
1.14156956610668E+01   8.93000000000000E+02
1.14223291064978E+01   8.92000000000000E+02
1.14289777193101E+01   8.91000000000000E+02
1.14356415557805E+01   8.90000000000000E+02
1.14423206724728E+01   8.89000000000000E+02
1.14490151262392E+01   8.88000000000000E+02
1.14557249742221E+01   8.87000000000000E+02
1.14624502738564E+01   8.86000000000000E+02
1.14691910828712E+01   8.85000000000000E+02
1.14759474592914E+01   8.84000000000000E+02
1.14827194614402E+01   8.83000000000000E+02
1.14895071479406E+01   8.82000000000000E+02
1.14963105777174E+01   8.81000000000000E+02
1.15031298099995E+01   8.80000000000000E+02
1.15099649043215E+01   8.79000000000000E+02
1.15168159205258E+01   8.78000000000000E+02
1.15236829187648E+01   8.77000000000000E+02
1.15305659595029E+01   8.76000000000000E+02
1.15374651035182E+01   8.75000000000000E+02
1.15443804119051E+01   8.74000000000000E+02
1.15513119460759E+01   8.73000000000000E+02
1.15582597677632E+01   8.72000000000000E+02
1.15652239390220E+01   8.71000000000000E+02
1.15722045222316E+01   8.70000000000000E+02
1.15792015800982E+01   8.69000000000000E+02
1.15862151756564E+01   8.68000000000000E+02
1.15932453722722E+01   8.67000000000000E+02
1.16002922336444E+01   8.66000000000000E+02
1.16073558238073E+01   8.65000000000000E+02
1.16144362071331E+01   8.64000000000000E+02
1.16215334483336E+01   8.63000000000000E+02
1.16286476124628E+01   8.62000000000000E+02
1.16357787649192E+01   8.61000000000000E+02
1.16429269714483E+01   8.60000000000000E+02
1.16500922981442E+01   8.59000000000000E+02
1.16572748114530E+01   8.58000000000000E+02
1.16644745781743E+01   8.57000000000000E+02
1.16716916654640E+01   8.56000000000000E+02
1.16789261408367E+01   8.55000000000000E+02
1.16861780721679E+01   8.54000000000000E+02
1.16934475276967E+01   8.53000000000000E+02
1.17007345760282E+01   8.52000000000000E+02
1.17080392861358E+01   8.51000000000000E+02
1.17153617273642E+01   8.50000000000000E+02
1.17227019694311E+01   8.49000000000000E+02
1.17300600824307E+01   8.48000000000000E+02
1.17374361368356E+01   8.47000000000000E+02
1.17448302034997E+01   8.46000000000000E+02
1.17522423536605E+01   8.45000000000000E+02
1.17596726589423E+01   8.44000000000000E+02
1.17671211913583E+01   8.43000000000000E+02
1.17745880233135E+01   8.42000000000000E+02
1.17820732276075E+01   8.41000000000000E+02
1.17895768774370E+01   8.40000000000000E+02
1.17970990463989E+01   8.39000000000000E+02
1.18046398084925E+01   8.38000000000000E+02
1.18121992381229E+01   8.37000000000000E+02
1.18197774101036E+01   8.36000000000000E+02
1.18273743996590E+01   8.35000000000000E+02
1.18349902824278E+01   8.34000000000000E+02
1.18426251344655E+01   8.33000000000000E+02
1.18502790322477E+01   8.32000000000000E+02
1.18579520526725E+01   8.31000000000000E+02
1.18656442730640E+01   8.30000000000000E+02
1.18733557711750E+01   8.29000000000000E+02
1.18810866251898E+01   8.28000000000000E+02
1.18888369137279E+01   8.27000000000000E+02
1.18966067158465E+01   8.26000000000000E+02
1.19043961110436E+01   8.25000000000000E+02
1.19122051792616E+01   8.24000000000000E+02
1.19200340008898E+01   8.23000000000000E+02
1.19278826567682E+01   8.22000000000000E+02
1.19357512281900E+01   8.21000000000000E+02
1.19436397969056E+01   8.20000000000000E+02
1.19515484451253E+01   8.19000000000000E+02
1.19594772555226E+01   8.18000000000000E+02
1.19674263112380E+01   8.17000000000000E+02
1.19753956958818E+01   8.16000000000000E+02
1.19833854935375E+01   8.15000000000000E+02
1.19913957887657E+01   8.14000000000000E+02
1.19994266666070E+01   8.13000000000000E+02
1.20074782125855E+01   8.12000000000000E+02
1.20155505127129E+01   8.11000000000000E+02
1.20236436534910E+01   8.10000000000000E+02
1.20317577219160E+01   8.09000000000000E+02
1.20398928054821E+01   8.08000000000000E+02
1.20480489921845E+01   8.07000000000000E+02
1.20562263705237E+01   8.06000000000000E+02
1.20644250295087E+01   8.05000000000000E+02
1.20726450586610E+01   8.04000000000000E+02
1.20808865480182E+01   8.03000000000000E+02
1.20891495881379E+01   8.02000000000000E+02
1.20974342701013E+01   8.01000000000000E+02
1.21057406855172E+01   8.00000000000000E+02
1.21140689265256E+01   7.99000000000000E+02
1.21224190858023E+01   7.98000000000000E+02
1.21307912565619E+01   7.97000000000000E+02
1.21391855325625E+01   7.96000000000000E+02
1.21476020081094E+01   7.95000000000000E+02
1.21560407780591E+01   7.94000000000000E+02
1.21645019378236E+01   7.93000000000000E+02
1.21729855833743E+01   7.92000000000000E+02
1.21814918112465E+01   7.91000000000000E+02
1.21900207185430E+01   7.90000000000000E+02
1.21985724029390E+01   7.89000000000000E+02
1.22071469626858E+01   7.88000000000000E+02
1.22157444966156E+01   7.87000000000000E+02
1.22243651041455E+01   7.86000000000000E+02
1.22330088852819E+01   7.85000000000000E+02
1.22416759406253E+01   7.84000000000000E+02
1.22503663713741E+01   7.83000000000000E+02
1.22590802793300E+01   7.82000000000000E+02
1.22678177669015E+01   7.81000000000000E+02
1.22765789371095E+01   7.80000000000000E+02
1.22853638935913E+01   7.79000000000000E+02
1.22941727406055E+01   7.78000000000000E+02
1.23030055830364E+01   7.77000000000000E+02
1.23118625263994E+01   7.76000000000000E+02
1.23207436768452E+01   7.75000000000000E+02
1.23296491411650E+01   7.74000000000000E+02
1.23385790267952E+01   7.73000000000000E+02
1.23475334418225E+01   7.72000000000000E+02
1.23565124949887E+01   7.71000000000000E+02
1.23655162956959E+01   7.70000000000000E+02
1.23745449540114E+01   7.69000000000000E+02
1.23835985806731E+01   7.68000000000000E+02
1.23926772870944E+01   7.67000000000000E+02
1.24017811853695E+01   7.66000000000000E+02
1.24109103882787E+01   7.65000000000000E+02
1.24200650092938E+01   7.64000000000000E+02
1.24292451625834E+01   7.63000000000000E+02
1.24384509630181E+01   7.62000000000000E+02
1.24476825261764E+01   7.61000000000000E+02
1.24569399683499E+01   7.60000000000000E+02
1.24662234065489E+01   7.59000000000000E+02
1.24755329585083E+01   7.58000000000000E+02
1.24848687426927E+01   7.57000000000000E+02
1.24942308783030E+01   7.56000000000000E+02
1.25036194852813E+01   7.55000000000000E+02
1.25130346843173E+01   7.54000000000000E+02
1.25224765968541E+01   7.53000000000000E+02
1.25319453450938E+01   7.52000000000000E+02
1.25414410520043E+01   7.51000000000000E+02
1.25509638413244E+01   7.50000000000000E+02
1.25605138375707E+01   7.49000000000000E+02
1.25700911660433E+01   7.48000000000000E+02
1.25796959528324E+01   7.47000000000000E+02
1.25893283248244E+01   7.46000000000000E+02
1.25989884097081E+01   7.45000000000000E+02
1.26086763359817E+01   7.44000000000000E+02
1.26183922329587E+01   7.43000000000000E+02
1.26281362307746E+01   7.42000000000000E+02
1.26379084603939E+01   7.41000000000000E+02
1.26477090536163E+01   7.40000000000000E+02
1.26575381430835E+01   7.39000000000000E+02
1.26673958622865E+01   7.38000000000000E+02
1.26772823455717E+01   7.37000000000000E+02
1.26871977281486E+01   7.36000000000000E+02
1.26971421460964E+01   7.35000000000000E+02
1.27071157363712E+01   7.34000000000000E+02
1.27171186368129E+01   7.33000000000000E+02
1.27271509861530E+01   7.32000000000000E+02
1.27372129240212E+01   7.31000000000000E+02
1.27473045909535E+01   7.30000000000000E+02
1.27574261283989E+01   7.29000000000000E+02
1.27675776787275E+01   7.28000000000000E+02
1.27777593852378E+01   7.27000000000000E+02
1.27879713921644E+01   7.26000000000000E+02
1.27982138446857E+01   7.25000000000000E+02
1.28084868889320E+01   7.24000000000000E+02
1.28187906719930E+01   7.23000000000000E+02
1.28291253419262E+01   7.22000000000000E+02
1.28394910477643E+01   7.21000000000000E+02
1.28498879395243E+01   7.20000000000000E+02
1.28603161682147E+01   7.19000000000000E+02
1.28707758858447E+01   7.18000000000000E+02
1.28812672454318E+01   7.17000000000000E+02
1.28917904010110E+01   7.16000000000000E+02
1.29023455076427E+01   7.15000000000000E+02
1.29129327214219E+01   7.14000000000000E+02
1.29235521994865E+01   7.13000000000000E+02
1.29342041000265E+01   7.12000000000000E+02
1.29448885822925E+01   7.11000000000000E+02
1.29556058066051E+01   7.10000000000000E+02
1.29663559343639E+01   7.09000000000000E+02
1.29771391280564E+01   7.08000000000000E+02
1.29879555512676E+01   7.07000000000000E+02
1.29988053686893E+01   7.06000000000000E+02
1.30096887461295E+01   7.05000000000000E+02
1.30206058505223E+01   7.04000000000000E+02
1.30315568499369E+01   7.03000000000000E+02
1.30425419135881E+01   7.02000000000000E+02
1.30535612118457E+01   7.01000000000000E+02
1.30646149162449E+01   7.00000000000000E+02
1.30757031994958E+01   6.99000000000000E+02
1.30868262354942E+01   6.98000000000000E+02
1.30979841993315E+01   6.97000000000000E+02
1.31091772673051E+01   6.96000000000000E+02
1.31204056169294E+01   6.95000000000000E+02
1.31316694269458E+01   6.94000000000000E+02
1.31429688773337E+01   6.93000000000000E+02
1.31543041493215E+01   6.92000000000000E+02
1.31656754253973E+01   6.91000000000000E+02
1.31770828893203E+01   6.90000000000000E+02
1.31885267261316E+01   6.89000000000000E+02
1.32000071221659E+01   6.88000000000000E+02
1.32115242650625E+01   6.87000000000000E+02
1.32230783437775E+01   6.86000000000000E+02
1.32346695485950E+01   6.85000000000000E+02
1.32462980711388E+01   6.84000000000000E+02
1.32579641043849E+01   6.83000000000000E+02
1.32696678426731E+01   6.82000000000000E+02
1.32814094817194E+01   6.81000000000000E+02
1.32931892186281E+01   6.80000000000000E+02
1.33050072519046E+01   6.79000000000000E+02
1.33168637814680E+01   6.78000000000000E+02
1.33287590086632E+01   6.77000000000000E+02
1.33406931362747E+01   6.76000000000000E+02
1.33526663685390E+01   6.75000000000000E+02
1.33646789111578E+01   6.74000000000000E+02
1.33767309713116E+01   6.73000000000000E+02
1.33888227576729E+01   6.72000000000000E+02
1.34009544804198E+01   6.71000000000000E+02
1.34131263512500E+01   6.70000000000000E+02
1.34253385833944E+01   6.69000000000000E+02
1.34375913916311E+01   6.68000000000000E+02
1.34498849923000E+01   6.67000000000000E+02
1.34622196033169E+01   6.66000000000000E+02
1.34745954441878E+01   6.65000000000000E+02
1.34870127360242E+01   6.64000000000000E+02
1.34994717015574E+01   6.63000000000000E+02
1.35119725651537E+01   6.62000000000000E+02
1.35245155528295E+01   6.61000000000000E+02
1.35371008922669E+01   6.60000000000000E+02
1.35497288128290E+01   6.59000000000000E+02
1.35623995455756E+01   6.58000000000000E+02
1.35751133232793E+01   6.57000000000000E+02
1.35878703804413E+01   6.56000000000000E+02
1.36006709533077E+01   6.55000000000000E+02
1.36135152798860E+01   6.54000000000000E+02
1.36264035999617E+01   6.53000000000000E+02
1.36393361551151E+01   6.52000000000000E+02
1.36523131887381E+01   6.51000000000000E+02
1.36653349460519E+01   6.50000000000000E+02
1.36784016741237E+01   6.49000000000000E+02
1.36915136218847E+01   6.48000000000000E+02
1.37046710401480E+01   6.47000000000000E+02
1.37178741816261E+01   6.46000000000000E+02
1.37311233009498E+01   6.45000000000000E+02
1.37444186546857E+01   6.44000000000000E+02
1.37577605013558E+01   6.43000000000000E+02
1.37711491014555E+01   6.42000000000000E+02
1.37845847174734E+01   6.41000000000000E+02
1.37980676139098E+01   6.40000000000000E+02
1.38115980572970E+01   6.39000000000000E+02
1.38251763162183E+01   6.38000000000000E+02
1.38388026613287E+01   6.37000000000000E+02
1.38524773653743E+01   6.36000000000000E+02
1.38662007032136E+01   6.35000000000000E+02
1.38799729518374E+01   6.34000000000000E+02
1.38937943903902E+01   6.33000000000000E+02
1.39076653001912E+01   6.32000000000000E+02
1.39215859647559E+01   6.31000000000000E+02
1.39355566698174E+01   6.30000000000000E+02
1.39495777033489E+01   6.29000000000000E+02
1.39636493555853E+01   6.28000000000000E+02
1.39777719190460E+01   6.27000000000000E+02
1.39919456885579E+01   6.26000000000000E+02
1.40061709612776E+01   6.25000000000000E+02
1.40204480367157E+01   6.24000000000000E+02
1.40347772167595E+01   6.23000000000000E+02
1.40491588056973E+01   6.22000000000000E+02
1.40635931102425E+01   6.21000000000000E+02
1.40780804395580E+01   6.20000000000000E+02
1.40926211052810E+01   6.19000000000000E+02
1.41072154215477E+01   6.18000000000000E+02
1.41218637050192E+01   6.17000000000000E+02
1.41365662749067E+01   6.16000000000000E+02
1.41513234529976E+01   6.15000000000000E+02
1.41661355636820E+01   6.14000000000000E+02
1.41810029339789E+01   6.13000000000000E+02
1.41959258935634E+01   6.12000000000000E+02
1.42109047747941E+01   6.11000000000000E+02
1.42259399127404E+01   6.10000000000000E+02
1.42410316452107E+01   6.09000000000000E+02
1.42561803127804E+01   6.08000000000000E+02
1.42713862588211E+01   6.07000000000000E+02
1.42866498295289E+01   6.06000000000000E+02
1.43019713739545E+01   6.05000000000000E+02
1.43173512440323E+01   6.04000000000000E+02
1.43327897946110E+01   6.03000000000000E+02
1.43482873834840E+01   6.02000000000000E+02
1.43638443714200E+01   6.01000000000000E+02
1.43794611221947E+01   6.00000000000000E+02
1.43951380026221E+01   5.99000000000000E+02
1.44108753825868E+01   5.98000000000000E+02
1.44266736350766E+01   5.97000000000000E+02
1.44425331362151E+01   5.96000000000000E+02
1.44584542652951E+01   5.95000000000000E+02
1.44744374048127E+01   5.94000000000000E+02
1.44904829405009E+01   5.93000000000000E+02
1.45065912613647E+01   5.92000000000000E+02
1.45227627597160E+01   5.91000000000000E+02
1.45389978312093E+01   5.90000000000000E+02
1.45552968748772E+01   5.89000000000000E+02
1.45716602931675E+01   5.88000000000000E+02
1.45880884919798E+01   5.87000000000000E+02
1.46045818807029E+01   5.86000000000000E+02
1.46211408722526E+01   5.85000000000000E+02
1.46377658831107E+01   5.84000000000000E+02
1.46544573333630E+01   5.83000000000000E+02
1.46712156467396E+01   5.82000000000000E+02
1.46880412506542E+01   5.81000000000000E+02
1.47049345762449E+01   5.80000000000000E+02
1.47218960584152E+01   5.79000000000000E+02
1.47389261358754E+01   5.78000000000000E+02
1.47560252511849E+01   5.77000000000000E+02
1.47731938507946E+01   5.76000000000000E+02
1.47904323850905E+01   5.75000000000000E+02
1.48077413084373E+01   5.74000000000000E+02
1.48251210792228E+01   5.73000000000000E+02
1.48425721599029E+01   5.72000000000000E+02
1.48600950170475E+01   5.71000000000000E+02
1.48776901213865E+01   5.70000000000000E+02
1.48953579478565E+01   5.69000000000000E+02
1.49130989756487E+01   5.68000000000000E+02
1.49309136882567E+01   5.67000000000000E+02
1.49488025735256E+01   5.66000000000000E+02
1.49667661237014E+01   5.65000000000000E+02
1.49848048354809E+01   5.64000000000000E+02
1.50029192100629E+01   5.63000000000000E+02
1.50211097531996E+01   5.62000000000000E+02
1.50393769752488E+01   5.61000000000000E+02
1.50577213912271E+01   5.60000000000000E+02
1.50761435208634E+01   5.59000000000000E+02
1.50946438886534E+01   5.58000000000000E+02
1.51132230239151E+01   5.57000000000000E+02
1.51318814608443E+01   5.56000000000000E+02
1.51506197385721E+01   5.55000000000000E+02
1.51694384012218E+01   5.54000000000000E+02
1.51883379979676E+01   5.53000000000000E+02
1.52073190830940E+01   5.52000000000000E+02
1.52263822160555E+01   5.51000000000000E+02
1.52455279615380E+01   5.50000000000000E+02
1.52647568895199E+01   5.49000000000000E+02
1.52840695753354E+01   5.48000000000000E+02
1.53034665997380E+01   5.47000000000000E+02
1.53229485489645E+01   5.46000000000000E+02
1.53425160148008E+01   5.45000000000000E+02
1.53621695946483E+01   5.44000000000000E+02
1.53819098915909E+01   5.43000000000000E+02
1.54017375144636E+01   5.42000000000000E+02
1.54216530779215E+01   5.41000000000000E+02
1.54416572025101E+01   5.40000000000000E+02
1.54617505147368E+01   5.39000000000000E+02
1.54819336471432E+01   5.38000000000000E+02
1.55022072383783E+01   5.37000000000000E+02
1.55225719332730E+01   5.36000000000000E+02
1.55430283829162E+01   5.35000000000000E+02
1.55635772447306E+01   5.34000000000000E+02
1.55842191825512E+01   5.33000000000000E+02
1.56049548667043E+01   5.32000000000000E+02
1.56257849740870E+01   5.31000000000000E+02
1.56467101882495E+01   5.30000000000000E+02
1.56677311994767E+01   5.29000000000000E+02
1.56888487048729E+01   5.28000000000000E+02
1.57100634084462E+01   5.27000000000000E+02
1.57313760211951E+01   5.26000000000000E+02
1.57527872611963E+01   5.25000000000000E+02
1.57742978536933E+01   5.24000000000000E+02
1.57959085311872E+01   5.23000000000000E+02
1.58176200335281E+01   5.22000000000000E+02
1.58394331080080E+01   5.21000000000000E+02
1.58613485094560E+01   5.20000000000000E+02
1.58833670003337E+01   5.19000000000000E+02
1.59054893508327E+01   5.18000000000000E+02
1.59277163389739E+01   5.17000000000000E+02
1.59500487507077E+01   5.16000000000000E+02
1.59724873800161E+01   5.15000000000000E+02
1.59950330290163E+01   5.14000000000000E+02
1.60176865080661E+01   5.13000000000000E+02
1.60404486358706E+01   5.12000000000000E+02
1.60633202395909E+01   5.11000000000000E+02
1.60863021549544E+01   5.10000000000000E+02
1.61093952263664E+01   5.09000000000000E+02
1.61326003070245E+01   5.08000000000000E+02
1.61559182590337E+01   5.07000000000000E+02
1.61793499535242E+01   5.06000000000000E+02
1.62028962707701E+01   5.05000000000000E+02
1.62265581003113E+01   5.04000000000000E+02
1.62503363410759E+01   5.03000000000000E+02
1.62742319015058E+01   5.02000000000000E+02
1.62982456996837E+01   5.01000000000000E+02
1.63223786634621E+01   5.00000000000000E+02
1.63466317305948E+01   4.99000000000000E+02
1.63710058488699E+01   4.98000000000000E+02
1.63955019762457E+01   4.97000000000000E+02
1.64201210809883E+01   4.96000000000000E+02
1.64448641418118E+01   4.95000000000000E+02
1.64697321480201E+01   4.94000000000000E+02
1.64947260996522E+01   4.93000000000000E+02
1.65198470076288E+01   4.92000000000000E+02
1.65450958939017E+01   4.91000000000000E+02
1.65704737916061E+01   4.90000000000000E+02
1.65959817452150E+01   4.89000000000000E+02
1.66216208106958E+01   4.88000000000000E+02
1.66473920556705E+01   4.87000000000000E+02
1.66732965595778E+01   4.86000000000000E+02
1.66993354138382E+01   4.85000000000000E+02
1.67255097220219E+01   4.84000000000000E+02
1.67518206000194E+01   4.83000000000000E+02
1.67782691762153E+01   4.82000000000000E+02
1.68048565916645E+01   4.81000000000000E+02
1.68315840002723E+01   4.80000000000000E+02
1.68584525689765E+01   4.79000000000000E+02
1.68854634779333E+01   4.78000000000000E+02
1.69126179207065E+01   4.77000000000000E+02
1.69399171044596E+01   4.76000000000000E+02
1.69673622501513E+01   4.75000000000000E+02
1.69949545927343E+01   4.74000000000000E+02
1.70226953813581E+01   4.73000000000000E+02
1.70505858795746E+01   4.72000000000000E+02
1.70786273655478E+01   4.71000000000000E+02
1.71068211322670E+01   4.70000000000000E+02
1.71351684877639E+01   4.69000000000000E+02
1.71636707553332E+01   4.68000000000000E+02
1.71923292737576E+01   4.67000000000000E+02
1.72211453975363E+01   4.66000000000000E+02
1.72501204971179E+01   4.65000000000000E+02
1.72792559591375E+01   4.64000000000000E+02
1.73085531866576E+01   4.63000000000000E+02
1.73380135994142E+01   4.62000000000000E+02
1.73676386340660E+01   4.61000000000000E+02
1.73974297444499E+01   4.60000000000000E+02
1.74273884018394E+01   4.59000000000000E+02
1.74575160952086E+01   4.58000000000000E+02
1.74878143315012E+01   4.57000000000000E+02
1.75182846359037E+01   4.56000000000000E+02
1.75489285521244E+01   4.55000000000000E+02
1.75797476426768E+01   4.54000000000000E+02
1.76107434891690E+01   4.53000000000000E+02
1.76419176925978E+01   4.52000000000000E+02
1.76732718736489E+01   4.51000000000000E+02
1.77048076730017E+01   4.50000000000000E+02
1.77365267516413E+01   4.49000000000000E+02
1.77684307911749E+01   4.48000000000000E+02
1.78005214941553E+01   4.47000000000000E+02
1.78328005844095E+01   4.46000000000000E+02
1.78652698073746E+01   4.45000000000000E+02
1.78979309304390E+01   4.44000000000000E+02
1.79307857432909E+01   4.43000000000000E+02
1.79638360582737E+01   4.42000000000000E+02
1.79970837107467E+01   4.41000000000000E+02
1.80305305594547E+01   4.40000000000000E+02
1.80641784869037E+01   4.39000000000000E+02
1.80980293997438E+01   4.38000000000000E+02
1.81320852291598E+01   4.37000000000000E+02
1.81663479312698E+01   4.36000000000000E+02
1.82008194875308E+01   4.35000000000000E+02
1.82355019051530E+01   4.34000000000000E+02
1.82703972175220E+01   4.33000000000000E+02
1.83055074846289E+01   4.32000000000000E+02
1.83408347935102E+01   4.31000000000000E+02
1.83763812586948E+01   4.30000000000000E+02
1.84121490226612E+01   4.29000000000000E+02
1.84481402563035E+01   4.28000000000000E+02
1.84843571594065E+01   4.27000000000000E+02
1.85208019611308E+01   4.26000000000000E+02
1.85574769205076E+01   4.25000000000000E+02
1.85943843269431E+01   4.24000000000000E+02
1.86315265007342E+01   4.23000000000000E+02
1.86689057935936E+01   4.22000000000000E+02
1.87065245891867E+01   4.21000000000000E+02
1.87443853036788E+01   4.20000000000000E+02
1.87824903862939E+01   4.19000000000000E+02
1.88208423198855E+01   4.18000000000000E+02
1.88594436215186E+01   4.17000000000000E+02
1.88982968430640E+01   4.16000000000000E+02
1.89374045718057E+01   4.15000000000000E+02
1.89767694310605E+01   4.14000000000000E+02
1.90163940808106E+01   4.13000000000000E+02
1.90562812183500E+01   4.12000000000000E+02
1.90964335789445E+01   4.11000000000000E+02
1.91368539365055E+01   4.10000000000000E+02
1.91775451042791E+01   4.09000000000000E+02
1.92185099355490E+01   4.08000000000000E+02
1.92597513243547E+01   4.07000000000000E+02
1.93012722062265E+01   4.06000000000000E+02
1.93430755589346E+01   4.05000000000000E+02
1.93851644032561E+01   4.04000000000000E+02
1.94275418037579E+01   4.03000000000000E+02
1.94702108695971E+01   4.02000000000000E+02
1.95131747553393E+01   4.01000000000000E+02
1.95564366617946E+01   4.00000000000000E+02
1.95999998368721E+01   3.99000000000000E+02
1.96438675764544E+01   3.98000000000000E+02
1.96880432252905E+01   3.97000000000000E+02
1.97325301779093E+01   3.96000000000000E+02
1.97773318795539E+01   3.95000000000000E+02
1.98224518271369E+01   3.94000000000000E+02
1.98678935702173E+01   3.93000000000000E+02
1.99136607119995E+01   3.92000000000000E+02
1.99597569103560E+01   3.91000000000000E+02
2.00061858788727E+01   3.90000000000000E+02
2.00529513879192E+01   3.89000000000000E+02
2.01000572657426E+01   3.88000000000000E+02
2.01475073995886E+01   3.87000000000000E+02
2.01953057368472E+01   3.86000000000000E+02
2.02434562862258E+01   3.85000000000000E+02
2.02919631189504E+01   3.84000000000000E+02
2.03408303699945E+01   3.83000000000000E+02
2.03900622393373E+01   3.82000000000000E+02
2.04396629932527E+01   3.81000000000000E+02
2.04896369656274E+01   3.80000000000000E+02
2.05399885593128E+01   3.79000000000000E+02
2.05907222475078E+01   3.78000000000000E+02
2.06418425751759E+01   3.77000000000000E+02
2.06933541604966E+01   3.76000000000000E+02
2.07452616963522E+01   3.75000000000000E+02
2.07975699518510E+01   3.74000000000000E+02
2.08502837738880E+01   3.73000000000000E+02
2.09034080887448E+01   3.72000000000000E+02
2.09569479037276E+01   3.71000000000000E+02
2.10109083088482E+01   3.70000000000000E+02
2.10652944785450E+01   3.69000000000000E+02
2.11201116734488E+01   3.68000000000000E+02
2.11753652421927E+01   3.67000000000000E+02
2.12310606232669E+01   3.66000000000000E+02
2.12872033469225E+01   3.65000000000000E+02
2.13437990371226E+01   3.64000000000000E+02
2.14008534135441E+01   3.63000000000000E+02
2.14583722936306E+01   3.62000000000000E+02
2.15163615946994E+01   3.61000000000000E+02
2.15748273361022E+01   3.60000000000000E+02
2.16337756414433E+01   3.59000000000000E+02
2.16932127408549E+01   3.58000000000000E+02
2.17531449733334E+01   3.57000000000000E+02
2.18135787891371E+01   3.56000000000000E+02
2.18745207522472E+01   3.55000000000000E+02
2.19359775428955E+01   3.54000000000000E+02
2.19979559601594E+01   3.53000000000000E+02
2.20604629246263E+01   3.52000000000000E+02
2.21235054811314E+01   3.51000000000000E+02
2.21870908015689E+01   3.50000000000000E+02
2.22512261877800E+01   3.49000000000000E+02
2.23159190745214E+01   3.48000000000000E+02
2.23811770325138E+01   3.47000000000000E+02
2.24470077715765E+01   3.46000000000000E+02
2.25134191438483E+01   3.45000000000000E+02
2.25804191470987E+01   3.44000000000000E+02
2.26480159281320E+01   3.43000000000000E+02
2.27162177862881E+01   3.42000000000000E+02
2.27850331770415E+01   3.41000000000000E+02
2.28544707157038E+01   3.40000000000000E+02
2.29245391812318E+01   3.39000000000000E+02
2.29952475201450E+01   3.38000000000000E+02
2.30666048505568E+01   3.37000000000000E+02
2.31386204663226E+01   3.36000000000000E+02
2.32113038413085E+01   3.35000000000000E+02
2.32846646337864E+01   3.34000000000000E+02
2.33587126909570E+01   3.33000000000000E+02
2.34334580536085E+01   3.32000000000000E+02
2.35089109609128E+01   3.31000000000000E+02
2.35850818553658E+01   3.30000000000000E+02
2.36619813878759E+01   3.29000000000000E+02
2.37396204230066E+01   3.28000000000000E+02
2.38180100443783E+01   3.27000000000000E+02
2.38971615602350E+01   3.26000000000000E+02
2.39770865091814E+01   3.25000000000000E+02
2.40577966660980E+01   3.24000000000000E+02
2.41393040482388E+01   3.23000000000000E+02
2.42216209215188E+01   3.22000000000000E+02
2.43047598069999E+01   3.21000000000000E+02
2.43887334875793E+01   3.20000000000000E+02
2.44735550148910E+01   3.19000000000000E+02
2.45592377164266E+01   3.18000000000000E+02
2.46457952028838E+01   3.17000000000000E+02
2.47332413757516E+01   3.16000000000000E+02
2.48215904351407E+01   3.15000000000000E+02
2.49108568878689E+01   3.14000000000000E+02
2.50010555558105E+01   3.13000000000000E+02
2.50922015845206E+01   3.12000000000000E+02
2.51843104521444E+01   3.11000000000000E+02
2.52773979786227E+01   3.10000000000000E+02
2.53714803352057E+01   3.09000000000000E+02
2.54665740542857E+01   3.08000000000000E+02
2.55626960395632E+01   3.07000000000000E+02
2.56598635765581E+01   3.06000000000000E+02
2.57580943434811E+01   3.05000000000000E+02
2.58574064224781E+01   3.04000000000000E+02
2.59578183112642E+01   3.03000000000000E+02
2.60593489351628E+01   3.02000000000000E+02
2.61620176595651E+01   3.01000000000000E+02
2.62658443028294E+01   3.00000000000000E+02
2.63708491496365E+01   2.99000000000000E+02
2.64770529648208E+01   2.98000000000000E+02
2.65844770076980E+01   2.97000000000000E+02
2.66931430469081E+01   2.96000000000000E+02
2.68030733757980E+01   2.95000000000000E+02
2.69142908283648E+01   2.94000000000000E+02
2.70268187957846E+01   2.93000000000000E+02
2.71406812435521E+01   2.92000000000000E+02
2.72559027292575E+01   2.91000000000000E+02
2.73725084210281E+01   2.90000000000000E+02
2.74905241166638E+01   2.89000000000000E+02
2.76099762634988E+01   2.88000000000000E+02
2.77308919790186E+01   2.87000000000000E+02
2.78532990722694E+01   2.86000000000000E+02
2.79772260660937E+01   2.85000000000000E+02
2.81027022202300E+01   2.84000000000000E+02
2.82297575553164E+01   2.83000000000000E+02
2.83584228778389E+01   2.82000000000000E+02
2.84887298060693E+01   2.81000000000000E+02
2.86207107970370E+01   2.80000000000000E+02
2.87543991745852E+01   2.79000000000000E+02
2.88898291585615E+01   2.78000000000000E+02
2.90270358951960E+01   2.77000000000000E+02
2.91660554887260E+01   2.76000000000000E+02
2.93069250343254E+01   2.75000000000000E+02
2.94496826524025E+01   2.74000000000000E+02
2.95943675243340E+01   2.73000000000000E+02
2.97410199297039E+01   2.72000000000000E+02
2.98896812851245E+01   2.71000000000000E+02
3.00403941847155E+01   2.70000000000000E+02
3.01932024423271E+01   2.69000000000000E+02
3.03481511355936E+01   2.68000000000000E+02
3.05052866519114E+01   2.67000000000000E+02
3.06646567364406E+01   2.66000000000000E+02
3.08263105422344E+01   2.65000000000000E+02
3.09902986826071E+01   2.64000000000000E+02
3.11566732858587E+01   2.63000000000000E+02
3.13254880524806E+01   2.62000000000000E+02
3.14967983149741E+01   2.61000000000000E+02
3.16706611004234E+01   2.60000000000000E+02
3.18471351959704E+01   2.59000000000000E+02
3.20262812173512E+01   2.58000000000000E+02
3.22081616806619E+01   2.57000000000000E+02
3.23928410775325E+01   2.56000000000000E+02
3.25803859538998E+01   2.55000000000000E+02
3.27708649925816E+01   2.54000000000000E+02
3.29643490998681E+01   2.53000000000000E+02
3.31609114963603E+01   2.52000000000000E+02
3.33606278123009E+01   2.51000000000000E+02
3.35635761876581E+01   2.50000000000000E+02
3.37698373772428E+01   2.49000000000000E+02
3.39794948611553E+01   2.48000000000000E+02
3.41926349608801E+01   2.47000000000000E+02
3.44093469613697E+01   2.46000000000000E+02
3.46297232394793E+01   2.45000000000000E+02
3.48538593991432E+01   2.44000000000000E+02
3.50818544137072E+01   2.43000000000000E+02
3.53138107758651E+01   2.42000000000000E+02
3.55498346556764E+01   2.41000000000000E+02
3.57900360671782E+01   2.40000000000000E+02
3.60345290441419E+01   2.39000000000000E+02
3.62834318255661E+01   2.38000000000000E+02
3.65368670515386E+01   2.37000000000000E+02
3.67949619701548E+01   2.36000000000000E+02
3.70578486562226E+01   2.35000000000000E+02
3.73256642425476E+01   2.34000000000000E+02
3.75985511646509E+01   2.33000000000000E+02
3.78766574198377E+01   2.32000000000000E+02
3.81601368416086E+01   2.31000000000000E+02
3.84491493904855E+01   2.30000000000000E+02
3.87438614624073E+01   2.29000000000000E+02
3.90444462159480E+01   2.28000000000000E+02
3.93510839197107E+01   2.27000000000000E+02
3.96639623213645E+01   2.26000000000000E+02
3.99832770399133E+01   2.25000000000000E+02
4.03092319829217E+01   2.24000000000000E+02
4.06420397905705E+01   2.23000000000000E+02
4.09819223085756E+01   2.22000000000000E+02
4.13291110921844E+01   2.21000000000000E+02
4.16838479436584E+01   2.20000000000000E+02
4.20463854858671E+01   2.19000000000000E+02
4.24169877748547E+01   2.18000000000000E+02
4.27959309545067E+01   2.17000000000000E+02
4.31835039567306E+01   2.16000000000000E+02
4.35800092508839E+01   2.15000000000000E+02
4.39857636465418E+01   2.14000000000000E+02
4.44010991540849E+01   2.13000000000000E+02
4.48263639080259E+01   2.12000000000000E+02
4.52619231584760E+01   2.11000000000000E+02
4.57081603366940E+01   2.10000000000000E+02
4.61654782012535E+01   2.09000000000000E+02
4.66343000720398E+01   2.08000000000000E+02
4.71150711600271E+01   2.07000000000000E+02
4.76082600016260E+01   2.06000000000000E+02
4.81143600073203E+01   2.05000000000000E+02
4.86338911353624E+01   2.04000000000000E+02
4.91674017024709E+01   2.03000000000000E+02
4.97154703447942E+01   2.02000000000000E+02
5.02787081438936E+01   2.01000000000000E+02
5.08577609341783E+01   2.00000000000000E+02
5.14533118101226E+01   1.99000000000000E+02
5.20660838537390E+01   1.98000000000000E+02
5.26968431052202E+01   1.97000000000000E+02
5.33464018024244E+01   1.96000000000000E+02
5.40156219180228E+01   1.95000000000000E+02
5.47054190267194E+01   1.94000000000000E+02
5.54167665390422E+01   1.93000000000000E+02
5.61507003428982E+01   1.92000000000000E+02
5.69083238994574E+01   1.91000000000000E+02
5.76908138461106E+01   1.90000000000000E+02
5.84994261663598E+01   1.89000000000000E+02
5.93355029947196E+01   1.88000000000000E+02
6.02004801342043E+01   1.87000000000000E+02
6.10958953750114E+01   1.86000000000000E+02
6.20233977158193E+01   1.85000000000000E+02
6.29847576040685E+01   1.84000000000000E+02
6.39818783290632E+01   1.83000000000000E+02
6.50168087221942E+01   1.82000000000000E+02
6.60917573426619E+01   1.81000000000000E+02
6.72091083554408E+01   1.80000000000000E+02
6.83714393417811E+01   1.79000000000000E+02
6.95815413223464E+01   1.78000000000000E+02
7.08424413204652E+01   1.77000000000000E+02
7.21574278495594E+01   1.76000000000000E+02
7.35300797766481E+01   1.75000000000000E+02
7.49642990954352E+01   1.74000000000000E+02
7.64643482410673E+01   1.73000000000000E+02
7.80348926982108E+01   1.72000000000000E+02
7.96810497996922E+01   1.71000000000000E+02
8.14084447910929E+01   1.70000000000000E+02
8.32232754556050E+01   1.69000000000000E+02
8.51323868638433E+01   1.68000000000000E+02
8.71433581489249E+01   1.67000000000000E+02
8.92646036259813E+01   1.66000000000000E+02
9.15054911009031E+01   1.65000000000000E+02
9.38764808767091E+01   1.64000000000000E+02
9.63892898088835E+01   1.63000000000000E+02
9.90570858388659E+01   1.62000000000000E+02
1.01894719822724E+02   1.61000000000000E+02
1.04919003272111E+02   1.60000000000000E+02
1.08149042977715E+02   1.59000000000000E+02
1.11606646586939E+02   1.58000000000000E+02
1.15316817331698E+02   1.57000000000000E+02
1.19308361637870E+02   1.56000000000000E+02
1.23614640853121E+02   1.55000000000000E+02
1.28274508615058E+02   1.54000000000000E+02
1.33333489640476E+02   1.53000000000000E+02
1.38845275730804E+02   1.52000000000000E+02
1.44873643261575E+02   1.51000000000000E+02
1.51494937522025E+02   1.50000000000000E+02
1.58801329538074E+02   1.49000000000000E+02
1.66905140924619E+02   1.48000000000000E+02
1.75944669011314E+02   1.47000000000000E+02
1.86092156679207E+02   1.46000000000000E+02
1.97564888388777E+02   1.45000000000000E+02
2.10640943103878E+02   1.44000000000000E+02
2.25682055800024E+02   1.43000000000000E+02
2.43167634325350E+02   1.42000000000000E+02
2.63746844301532E+02   1.41000000000000E+02
2.88321045782914E+02   1.40000000000000E+02
3.18179436289857E+02   1.39000000000000E+02
3.55232793325202E+02   1.38000000000000E+02
4.02439432671508E+02   1.37000000000000E+02
4.64637082637007E+02   1.36000000000000E+02
5.50317168878699E+02   1.35000000000000E+02
6.75877004341674E+02   1.34000000000000E+02
8.77612020541122E+02   1.33000000000000E+02
1.25504312040775E+03   1.32000000000000E+02
2.21479437431304E+03   1.31000000000000E+02
9.65370474527774E+03   1.30000000000000E+02
